0	1
0	4
0	5
1	0
1	10
1	11
1	14
1	15
1	17
1	19
1	2
1	21
1	23
1	28
1	3
1	4
1	5
1	6
1	7
1	8
1	9
2	0
2	1
2	17
2	21
2	28
2	4
2	5
2	8
2	9
4	0
4	1
4	15
4	2
4	28
4	3
4	5
4	8
5	0
5	1
5	4
5	7
5	8
6	1
6	10
6	2
6	8
7	0
7	1
7	10
7	11
7	13
7	14
7	15
7	17
7	2
7	21
7	23
7	28
7	3
7	4
7	5
7	6
7	8
7	9
8	0
8	1
8	10
8	15
8	2
8	4
8	5
8	6
8	7
8	9
9	2
10	0
10	1
10	2
10	4
10	5
10	6
10	7
10	8
10	9
11	13
12	17
12	21
12	23
12	24
12	27
12	28
12	3
12	5
13	11
13	14
13	15
13	5
14	1
14	11
14	15
14	17
14	23
14	28
14	3
14	5
15	11
15	13
15	16
15	17
15	3
16	11
16	15
16	3
17	1
17	14
17	15
17	21
17	22
17	23
17	25
17	26
17	27
17	28
17	3
17	4
17	5
18	21
18	3
19	15
19	20
19	23
19	24
19	29
20	15
20	19
20	23
20	24
20	28
20	29
21	2
22	17
22	25
22	3
23	0
23	1
23	10
23	11
23	12
23	13
23	14
23	15
23	16
23	17
23	19
23	2
23	20
23	21
23	22
23	24
23	25
23	26
23	27
23	28
23	29
23	3
23	4
23	5
23	7
23	8
24	19
24	20
24	23
24	29
25	17
25	22
25	26
25	3
26	17
26	25
27	17
27	22
27	25
27	3
28	0
28	1
28	10
28	11
28	13
28	14
28	15
28	17
28	19
28	2
28	20
28	21
28	23
28	24
28	29
28	3
28	4
28	5
28	6
28	7
28	8
28	9
29	15
29	19
29	20
29	23
29	24
29	28
